Title#0,"""Altered Realm Boss Subjugation III"""
Summary#0,"""Defeat Hi Ams or Hi Crocodallus<br>in the Altered Realm Exploration Quest<br>\""Altered Realm Investigation: Southern Permafrost\""."""
text0101#0,"""Defeat Hi Ams or Hi Crocodallus<br>in the specified Quest"""
